INIT
1 2 3 4
5 6 7 8
9 10 0 13
14 11 15 12

RIGHT
1 2 3 4
5 6 7 8 
9 10 13 0
14 11 15 12

DOWN
1 2 3 4
5 6 7 8
9 10 13 12
14 11 15 0

LEFT
1 2 3 4
5 6 7 8
9 10 13 12
14 11 0 15

LEFT
1 2 3 4
5 6 7 8
9 10 13 12
14 0 11 15

LEFT
1 2 3 4
5 6 7 8
9 10 13 12
0 14 11 15

UP
1 2 3 4
5 6 7 8
0 10 13 12
9 14 11 15

RIGHT
1 2 3 4
5 6 7 8
10 0 13 12
9 14 11 15

RIGHT
1 2 3 4
5 6 7 8
10 13 0 12
9 14 11 15

DOWN
1 2 3 4
5 6 7 8
10 13 11 12
9 14 0 15

LEFT
1 2 3 4
5 6 7 8
10 13 11 12
9 0 14 15

UP
1 2 3 4
5 6 7 8
10 0 11 12
9 13 14 15

LEFT
1 2 3 4
5 6 7 8
0 10 11 12
9 13 14 15

DOWN
1 2 3 4
5 6 7 8
9 10 11 12
0 13 14 15


RIGHT
1 2 3 4
5 6 7 8
9 10 11 
13 0 14 15

RIGHT
1 2 3 4
5 6 7 8
9 10 11 12
13 14 0 15

RIGHT
1 2 3 4
5 6 7 8
9 10 11 12
13 14 15 0